1.0000000000
0.9978438616
0.9944533706
0.9877539873
0.9797161818
0.9685980678
0.9566271901
0.9416995645
0.9265118837
0.9092448950
0.8918969035
0.8728709817
0.8545954823
0.8349661231
0.8159162402
0.7957818508
0.7760999799
0.7555788755
0.7362870574
0.7165318727
0.6982796192
0.6795390844
0.6621114016
0.6443737745
0.6274135113
0.6096298695
0.5925379395
0.5742849708
0.5569201112
0.5383741856
0.5204451680
0.5017279983
0.4840528965
0.4659516811
0.4487440884
0.4308263361
0.4138444662
0.3964836001
0.3799642324
0.3633526266
0.3474940956
0.3310488462
0.3153001070
0.2986488640
0.2822939754
0.2653297186
0.2484769225
0.2304998934
0.2135353386
0.1959283352
0.1788406074
0.1615261734
0.1446608156
0.1272917986
0.1107039526
0.0934594870
0.0768307298
0.0594044514
0.0426117554
0.0250813439
0.0084476182
-0.0085018780
-0.0247014258
-0.0412174165
-0.0563499257
-0.0706821382
-0.0834202543
-0.0964094549
-0.1079118922
-0.1194847971
-0.1300885975
-0.1412384212
-0.1517531127
-0.1623056531
-0.1722570211
-0.1824582219
-0.1922819167
-0.2026673704
-0.2121182382
-0.2218394130
-0.2305760682
-0.2393721342
-0.2472616136
-0.2550858855
-0.2620038092
-0.2690147460
-0.2746808529
-0.2803652883
-0.2847425342
-0.2895124257
-0.2930618823
-0.2967192829
-0.2995662093
-0.3023782969
-0.3044508398
-0.3065339029
-0.3078620434
-0.3097979724
-0.3113749921
-0.3135478497
-0.3156765103
-0.3193102777
-0.3225226402
-0.3260261714
-0.3292547464
-0.3331854045
-0.3365844190
-0.3402142823
-0.3429639637
-0.3460944891
-0.3485634029
-0.3505707681
-0.3517150581
-0.3529686630
-0.3529350460
-0.3533022404
-0.3530479670
-0.3533431888
-0.3524926603
-0.3512101173
-0.3489624560
-0.3472956121
-0.3450736701
-0.3433111906
-0.3407922387
-0.3386769593
-0.3364766836
-0.3354348242
-0.3338257670
-0.3331401944
-0.3326391578
-0.3330187798
-0.3334184587
-0.3345390558
-0.3351840675
-0.3361977935
-0.3368265033
-0.3372599483
-0.3365688622
-0.3361300230
-0.3349630535
-0.3337664306
-0.3317280710
-0.3295069337
-0.3260361552
-0.3229177296
-0.3184379637
-0.3141976893
-0.3082216084
-0.3029274344
-0.2968806028
-0.2910791934
-0.2841589153
-0.2777866721
-0.2712437809
-0.2666980326
-0.2617013156
-0.2584165037
-0.2542354763
-0.2511717677
-0.2488206923
-0.2478595376
-0.2460669130
-0.2457920015
-0.2454376221
-0.2456747442
-0.2453430742
-0.2465062439
-0.2464384735
-0.2479225546
-0.2492846847
-0.2516206205
-0.2535740733
-0.2568909228
-0.2588775158
-0.2617183328
-0.2633478940
-0.2651187479
-0.2657163739
-0.2673838735
-0.2673920095
-0.2680375874
-0.2679971457
-0.2683551908
-0.2676099837
-0.2684482634
-0.2678100169
-0.2683734298
-0.2675462067
-0.2663611770
-0.2641209662
-0.2627204359
-0.2594693601
-0.2573227882
-0.2547363937
-0.2526886761
-0.2504525781
-0.2503253222
-0.2495214045
-0.2500019372
-0.2504878044
-0.2518455088
-0.2525200546
-0.2547491193
-0.2556256950
-0.2574087381
-0.2580461204
-0.2587150633
-0.2584007084
-0.2589291930
-0.2578728497
-0.2574411035
-0.2556982636
-0.2534917295
-0.2499624044
-0.2472916096
-0.2432709634
-0.2401947826
-0.2357264012
-0.2317363471
-0.2276931554
-0.2252076864
-0.2219505906
-0.2195702195
-0.2165006548
-0.2141109556
-0.2112395316
-0.2089422643
-0.2059949487
-0.2037580907
-0.2004875392
-0.1974100322
-0.1931560189
-0.1890083551
-0.1836975962
-0.1786171496
-0.1726995707
-0.1670486480
-0.1607101560
-0.1546725184
-0.1478159726
-0.1412831843
-0.1340172440
-0.1272267699
-0.1198567674
-0.1132950559
-0.1060730293
-0.0995007008
-0.0924479216
-0.0861044601
-0.0794736147
-0.0735096112
-0.0670739859
-0.0611958280
-0.0548019595
-0.0488266721
-0.0425146706
-0.0370243788
-0.0308163613
-0.0251815561
-0.0187429301
-0.0123847676
-0.0051130326
0.0015822798
0.0090267174
0.0158471931
0.0235836003
0.0305881854
0.0377655812
0.0443576537
0.0517602377
0.0588078424
0.0662585720
0.0730456263
0.0804640278
0.0870141014
0.0937581360
0.0996686518
0.1056829616
0.1106691808
0.1158265844
0.1199079156
0.1233683079
0.1248647347
0.1261270344
0.1256581992
0.1249608248
0.1227002963
0.1202109605
0.1166517213
0.1137124151
0.1106770411
0.1084305421
0.1059200913
0.1043585837
0.1024341211
0.1014305726
0.0997976214
0.0984948874
0.0963147953
0.0945742205
0.0923100933
0.0909589529
0.0886090770
0.0871168822
0.0844731778
0.0820483714
0.0788235813
0.0755440444
0.0711945891
0.0666236132
0.0606311746
0.0544332825
0.0468193293
0.0391421765
0.0304217096
0.0223872848
0.0141401738
0.0066651921
-0.0011821861
-0.0084304437
-0.0160677582
-0.0235713627
-0.0321618281
-0.0404227152
-0.0494320542
-0.0582286939
-0.0673251003
-0.0760071948
-0.0852631256
-0.0939420015
-0.1034691408
-0.1126588956
-0.1229587719
-0.1333484054
-0.1444146931
-0.1545556933
-0.1650499403
-0.1741497219
-0.1834594756
-0.1917018145
-0.1995295137
-0.2055735737
-0.2114287317
-0.2149276137
-0.2186741233
-0.2206498832
-0.2227564305
-0.2232313901
-0.2237090319
-0.2227284759
-0.2225800306
-0.2204975188
-0.2190920562
-0.2167445719
-0.2154987901
-0.2154008895
-0.2154248655
-0.2141495645
-0.2135571539
-0.2123871148
-0.2115014642
-0.2098067403
-0.2092385888
-0.2081898749
-0.2086971104
-0.2083652467
-0.2083971202
-0.2081076503
-0.2086467594
-0.2085788250
-0.2094453275
-0.2094054520
-0.2099787444
-0.2099046409
-0.2107598186
-0.2108081877
-0.2115876526
-0.2110024095
-0.2118753642
-0.2124184370
-0.2133824825
-0.2132552713
-0.2139804959
-0.2141939253
-0.2151725143
-0.2158777565
-0.2173937559
-0.2179504335
-0.2187325358
-0.2186812162
-0.2188411951
-0.2181680202
-0.2179750353
-0.2172414809
-0.2169528604
-0.2157907337
-0.2150078416
-0.2135796100
-0.2127311528
-0.2106690705
-0.2096379995
-0.2079696059
-0.2068732679
-0.2051510662
-0.2041819692
-0.2025220692
-0.2016424835
-0.2001319528
-0.1994344145
-0.1984480619
-0.1984980106
-0.1981429011
-0.1983683854
-0.1974526495
-0.1966526657
-0.1945359856
-0.1922556162
-0.1890444309
-0.1857861429
-0.1809241921
-0.1760722846
-0.1699921787
-0.1641975343
-0.1577315480
-0.1520066112
-0.1459303498
-0.1405052394
-0.1346205622
-0.1296727508
-0.1247059628
-0.1205614433
-0.1161632612
-0.1127367914
-0.1088415161
-0.1056112498
-0.1019031256
-0.0989657342
-0.0953549668
-0.0922820345
-0.0884103850
-0.0848016366
-0.0804470405
-0.0764091387
-0.0716251507
-0.0671629310
-0.0624080859
-0.0581099093
-0.0534151345
-0.0492965057
-0.0447836258
-0.0408403017
-0.0365561582
-0.0329955146
-0.0292689987
-0.0261051673
-0.0227198191
-0.0200237632
-0.0170479324
-0.0143626304
-0.0108027160
-0.0074666110
-0.0030915551
0.0010774977
0.0058214432
0.0105554229
0.0161481090
0.0215844568
0.0275502298
0.0334881321
0.0399793237
0.0462226160
0.0532445759
0.0601133183
0.0672140568
0.0738561302
0.0806257874
0.0865987390
0.0925819129
0.0975081399
0.1025664881
0.1064716801
0.1104710028
0.1136270985
0.1166753471
0.1189773604
0.1211950257
0.1225627065
0.1240000948
0.1244893670
0.1250742227
0.1247115135
0.1245545521
0.1235045493
0.1227198839
0.1214911044
0.1210007146
0.1206920743
0.1213372424
0.1218538284
0.1235122532
0.1250545532
0.1274133772
0.1297436208
0.1330945939
0.1362659931
0.1403671503
0.1445351094
0.1495076269
0.1547216922
0.1603805572
